[penalties]
early=40
late=60

[distances]  # rows N0..N9; cols N0..N9
N0: 0,16,6,11,9,7,7,15,7,21
N1: 16,0,12,8,23,16,16,10,17,5
N2: 6,12,0,6,13,6,5,9,6,17
N3: 11,8,6,0,18,8,8,4,10,13
N4: 9,23,13,18,0,14,13,22,12,28
N5: 7,16,6,8,14,0,1,10,3,21
N6: 7,16,5,8,13,1,0,10,2,21
N7: 15,10,9,4,22,10,10,0,12,13
N8: 7,17,6,10,12,3,2,12,0,20
N9: 21,5,17,13,28,21,21,13,20,0

[hospitals]  # hospital_id,demand_weight,demand_volume,earliest_time,latest_time,beta,mu
1,60,1.8,9.0,10.0,1.7,3
2,45,1.35,7.0,9.0,1.4,3
3,135,4.05,6.5,7.5,1.0,3
4,90,2.7,13.0,16.0,1.9,2
5,45,1.35,15.0,17.0,1.5,2
6,120,3.6,17.5,20.0,1.2,2
7,75,2.25,18.0,21.0,1.6,1
8,90,2.7,21.0,21.8,1.8,1
9,150,4.5,19.5,23.0,1.3,1

[vehicles]  # vehicle_id,weight_capacity,volume_capacity,distance_capacity,speed,fixed_cost,time_cost_coeff,distance_cost_coeff
V1,2500,25,100,60,200,2,5
V2,2500,25,100,60,200,2,5
V3,2500,25,100,60,200,2,5
V4,2500,25,100,60,200,2,5
V5,2500,25,100,60,200,2,5
